{
    "c_pos_theo_cap": 180.0,
    "c_pos_real_cap": 150.0,
    "coef_pos_ins_li": 0.8333333333333334,
    "rou_pos_comp_roll": 3.2,
    "D_pos_coat_roll": -0.08864236138603168,
    "w_pos_act_mass": -4.7066004813593,
    "rou_pos_surf_cap": 0.02002580067687946,
    "D_pos_coat_roll_reb": 442.92983646262564,
    "eta_pos_roll_reb": -4997.819009973067,
    "D_pos_coat_form_reb": 1.54723797514721,
    "eta_pos_form_reb": -0.9965068102264143,
    "rou_pos_comp_roll_reb": -0.0006404074259134089,
    "rou_pos_comp_form_reb": -0.18333027045067743,
    "v_pos_coat_roll_reb": -148.51405365176535,
    "m_pos_solid": 0.09510950281109286,
    "m_pos_binder": 1.0397808584633708,
    "v_pos_binder": -0.3827182841707723,
    "rou_pos_binder": -2.716830894861065,
    "v_pos_conduct_total": -2.815402473485618,
    "v_pos_solid": 0.023777375703278168,
    "v_pos_binder_total": -0.8522243344721192,
    "v_pos_act_total": 3.691404183661015,
    "v_pos_coat_roll": 0.02972171962909772,
    "v_pos_coat_form": -35.79702008394504,
    "D_pos_coat_form": 106.76139975822684,
    "eta_pos_coat_por_roll": 0.2,
    "eta_pos_coat_por_form": 1.0006642277945907,
    "eta_pos_coat_por_roll_reb": 1.0001601018564819,
    "coef_neg_ins_li": -1.0730721864945942,
    "c_neg_theo_cap": -4.526044661689499,
    "c_neg_real_cap": 4.856772641291337,
    "rou_neg_surf_cap": -0.2352846429132969,
    "NP": 0.05799027829473716,
    "rou_surf_cap": -4.0573118431585415,
    "rou_neg_comp_roll": 1.6,
    "w_neg_act_mass": -8.976545864599936,
    "D_neg_coat_roll": 33.730017870915894,
    "eta_neg_roll_reb": 6.137571685206899,
    "D_neg_coat_roll_reb": 240.75042049697194,
    "D_neg_coat_form_reb": 9.48768770074193,
    "eta_neg_form_reb": -0.9605911894934313,
    "rou_neg_comp_roll_reb": 0.2241658747093277,
    "rou_neg_comp_form_reb": 5.688217223807331,
    "v_neg_coat_roll_reb": 55.8775664370361,
    "m_neg_solid": 12.525843556987057,
    "v_neg_binder": -8.453943507023167,
    "rou_neg_binder": -1.6985868428338609,
    "m_neg_binder": 14.3597572110903,
    "v_neg_act_total": -7.923738464377763,
    "v_neg_binder_total": -0.3328899973301496,
    "v_neg_solid": -16.376216635208397,
    "v_neg_conduct_total": -8.119588173500487,
    "v_neg_coat_roll": 7.828652222554556,
    "D_neg_coat_form": 85.82037088557392,
    "v_neg_coat_form": 19.9186920044037,
    "eta_neg_coat_por_roll": 3.0918309013686547,
    "eta_neg_coat_por_form": 1.8221532132525287,
    "eta_neg_coat_por_roll_reb": 1.293073189822279,
    "W_needle_rect": -66231.0108407218,
    "W_needle": -29577.07102519967,
    "D_needle": 36653.93981552203,
    "D_repeat": -30.288862517920982,
    "D_pos_cc": 7346.060185636663,
    "D_sep": -4442.044058796338,
    "D_neg_cc": 140.3785558085112,
    "cnt_line": 120.0,
    "N_roll": 60.0,
    "R_0_pos": 22000.0,
    "L_pos_total": 3524.3308060024815,
    "L_pos_first": 5672.8996506944995,
    "L_pos_nroll_last": 9079.75276316289,
    "L_pos_out": -5555.421957160693,
    "R_0_neg": 21984.85557004443,
    "L_start_in": -0.27096315471545085,
    "L_neg_total": -1914.0216197026143,
    "L_neg_first": 5848.7075457332385,
    "L_neg_nroll_last": 3736.5555971240397,
    "L_neg_out": -5650.577216827458,
    "L_pos_single": 2897.857719245835,
    "L_end_more": -2.7750419314486825,
    "L_pos_coat_use": -4274.8152555175675,
    "L_pos_coat_total": 1372.9869193786892,
    "L_neg_single": -2875.535285378758,
    "L_neg_coat_total": -3828.043239404784
}