{
    "coef_pos_ins_li": 0.8333333333333334,
    "c_pos_theo_cap": 180.0,
    "c_pos_real_cap": 150.0,
    "D_pos_coat_roll": 0.02363661227197513,
    "rou_pos_comp_roll": 3.2,
    "w_pos_act_mass": -2.3637128315421205,
    "rou_pos_surf_cap": -0.002681767858629773,
    "eta_pos_roll_reb": -5006.684985387461,
    "D_pos_coat_roll_reb": -118.31743515525102,
    "D_pos_coat_form_reb": -27.725437012192536,
    "eta_pos_form_reb": -0.7656690497405357,
    "rou_pos_comp_roll_reb": -0.0006392512479555408,
    "rou_pos_comp_form_reb": -0.002728078162917751,
    "m_pos_solid": -0.3281801107907483,
    "v_pos_coat_roll_reb": 513.3820416979961,
    "rou_pos_binder": -6.635049135863048,
    "m_pos_binder": 1.6392690140323263,
    "v_pos_binder": -0.24706207602471655,
    "v_pos_solid": -0.08204783851906859,
    "v_pos_conduct_total": 3.276714671683082,
    "v_pos_binder_total": 1.4748134700149844,
    "v_pos_act_total": -4.833575980217135,
    "v_pos_coat_roll": -0.10255979814883574,
    "v_pos_coat_form": 90.13222799359498,
    "D_pos_coat_form": -20.77247191148106,
    "eta_pos_coat_por_roll": 0.2,
    "eta_pos_coat_por_form": 1.000910305229833,
    "eta_pos_coat_por_roll_reb": 1.0001598182870746,
    "coef_neg_ins_li": 0.007052012521700959,
    "c_neg_real_cap": 2.6797647582463657,
    "c_neg_theo_cap": 380.0,
    "rou_neg_surf_cap": 0.15521969501437824,
    "NP": 11.02642990095481,
    "rou_surf_cap": 0.014077058160133708,
    "w_neg_act_mass": 5.7474786653838015,
    "D_neg_coat_roll": 62.98727266230551,
    "rou_neg_comp_roll": 1.6,
    "D_neg_coat_roll_reb": 539.2663336119056,
    "eta_neg_roll_reb": 7.561512680555026,
    "eta_neg_form_reb": -1.0314422307105127,
    "D_neg_coat_form_reb": -16.95573647583788,
    "rou_neg_comp_roll_reb": 0.18688286266858137,
    "rou_neg_comp_form_reb": -5.943689700727647,
    "v_neg_coat_roll_reb": -299.59099892731,
    "m_neg_solid": -55.98842350927501,
    "rou_neg_binder": -3.8158989527626095,
    "m_neg_binder": 8.359480682993919,
    "v_neg_binder": -2.1906976013979294,
    "v_neg_binder_total": -7.330647749079469,
    "v_neg_solid": 1.6126954560450586,
    "v_neg_act_total": -1.65373791448012,
    "v_neg_conduct_total": 10.597081119604647,
    "v_neg_coat_roll": -34.99276472576414,
    "v_neg_coat_form": -31.909485217135494,
    "D_neg_coat_form": 57.43734345190819,
    "eta_neg_coat_por_roll": 1.0460865401371868,
    "eta_neg_coat_por_form": 1.0505396889066407,
    "eta_neg_coat_por_roll_reb": 1.0053829903495743,
    "D_needle": 36670.73930390162,
    "W_needle": -29654.915338211915,
    "W_needle_rect": -66325.6546421134,
    "D_repeat": -29.786115484090512,
    "D_sep": -4290.115975835399,
    "D_neg_cc": 349.50122557260914,
    "D_pos_cc": 7359.046813347741,
    "N_roll": 60.0,
    "cnt_line": 120.0,
    "R_0_pos": 22014.89305933091,
    "L_pos_total": 3467.5607172619293,
    "L_pos_first": 5578.767325754857,
    "L_pos_nroll_last": 8930.742685774858,
    "L_pos_out": -5463.181968512584,
    "R_0_neg": 22000.0,
    "L_neg_total": -1884.797374590521,
    "L_start_in": -0.2621929957468256,
    "L_neg_first": 5747.384470045078,
    "L_neg_nroll_last": 3671.960445378578,
    "L_neg_out": -5556.757819968124,
    "L_pos_single": 1727.799207144013,
    "L_end_more": -3.850968118610823,
    "L_pos_coat_use": -4200.403711198426,
    "L_pos_coat_total": 1352.5031406507876,
    "L_neg_single": -1705.7897013573222,
    "L_neg_coat_total": -3769.5947491815846
}