{
    "c_pos_theo_cap": 180.0,
    "coef_pos_ins_li": 0.8333333333333334,
    "c_pos_real_cap": 150.0,
    "rou_pos_surf_cap": 0.007319727194539201,
    "rou_pos_comp_roll": 3.2,
    "w_pos_act_mass": 4.35011083383917,
    "D_pos_coat_roll": 0.03505527155001626,
    "D_pos_coat_roll_reb": -175.12289257732698,
    "eta_pos_roll_reb": -4996.622194153157,
    "eta_pos_form_reb": -0.7700429948421811,
    "D_pos_coat_form_reb": -40.27073591165662,
    "rou_pos_comp_roll_reb": -0.0006405600382666492,
    "rou_pos_comp_form_reb": -0.002785567892430345,
    "m_pos_solid": -0.3336404630723168,
    "v_pos_coat_roll_reb": 520.8574421481194,
    "m_pos_binder": 7.748200652667174,
    "rou_pos_binder": 5.986329768105801,
    "v_pos_binder": 1.2943157080901786,
    "v_pos_act_total": 9.788317215742019,
    "v_pos_conduct_total": -8.430802504488705,
    "v_pos_solid": -0.0834102214947684,
    "v_pos_binder_total": -1.4409249327480822,
    "v_pos_coat_roll": -0.1042627768684605,
    "D_pos_coat_form": -37.456525335492046,
    "v_pos_coat_form": 111.40468096931433,
    "eta_pos_coat_por_roll": 0.2,
    "eta_pos_coat_por_form": 1.0007487137952287,
    "eta_pos_coat_por_roll_reb": 1.0001601402125517,
    "c_neg_real_cap": 2.4818511204180287,
    "c_neg_theo_cap": 6.432723191086085,
    "coef_neg_ins_li": 0.38581655804141624,
    "rou_surf_cap": 1.2125159295821952,
    "NP": -0.17587417098549019,
    "rou_neg_surf_cap": -0.2132502339219696,
    "rou_neg_comp_roll": 1.6,
    "D_neg_coat_roll": -139.1301015570809,
    "w_neg_act_mass": 3.8598702464102526,
    "eta_neg_roll_reb": -4.916643512191552,
    "D_neg_coat_roll_reb": 544.9230096140928,
    "D_neg_coat_form_reb": -20.63629184577615,
    "eta_neg_form_reb": -1.037870105467542,
    "rou_neg_comp_roll_reb": -0.4085130533375771,
    "rou_neg_comp_form_reb": 10.787217207188949,
    "m_neg_solid": -5.6690421760387855,
    "v_neg_coat_roll_reb": 13.877260786950023,
    "rou_neg_binder": -4.896672486139805,
    "m_neg_binder": -0.8080166777845853,
    "v_neg_binder": 0.1650134208631889,
    "v_neg_conduct_total": 0.37770967775944675,
    "v_neg_solid": 8.312289444562492,
    "v_neg_act_total": 2.680123440989749,
    "v_neg_binder_total": 5.254456325813297,
    "v_neg_coat_roll": -3.543151360023835,
    "D_neg_coat_form": 48.4219388564132,
    "v_neg_coat_form": 1.2331354365015308,
    "eta_neg_coat_por_roll": 3.346015905035051,
    "eta_neg_coat_por_form": -5.740775748156978,
    "eta_neg_coat_por_roll_reb": 0.40101367465982535,
    "W_needle_rect": -66228.5879770029,
    "W_needle": -29604.536196217596,
    "D_needle": 36624.05178078529,
    "D_repeat": -30.314294362525132,
    "D_pos_cc": 7375.948219282843,
    "D_neg_cc": 364.4007486439737,
    "D_sep": -4255.13174817292,
    "cnt_line": 120.0,
    "N_roll": 60.0,
    "R_0_pos": 22000.0,
    "L_pos_total": 3527.447066369501,
    "L_pos_first": 5677.665481634961,
    "L_pos_nroll_last": 9087.530979122901,
    "L_pos_out": -5560.083912753417,
    "R_0_neg": 21984.842852895377,
    "L_start_in": -0.26629175101642344,
    "L_neg_total": -1920.3710152762344,
    "L_neg_first": 5848.722068773451,
    "L_neg_nroll_last": 3734.948061357388,
    "L_neg_out": -5655.31907663367,
    "L_pos_single": 1730.081498040739,
    "L_end_more": -3.9475839835942232,
    "L_pos_coat_use": -4278.090425529663,
    "L_pos_coat_total": 1373.2810671204277,
    "L_neg_single": -1707.7350930394455,
    "L_neg_coat_total": -3840.742030552443
}