{
    "d": 3.013356288840436,
    "a": 1.0,
    "c": 3.0,
    "e": 5.013356349411496,
    "b": 2.0,
    "f": -14.800194780508082
}