{
    "w_pos_act_mass_2": 20.0,
    "w_pos_act_mass": 30.0,
    "w_pos_act_mass_1": 10.0,
    "c_pos_theo_cap_1": 1.0,
    "c_pos_theo_cap_2": 2.0,
    "c_pos_theo_cap": 1.6666666666666667,
    "c_pos_real_cap": 1.6666666666666667,
    "c_pos_real_cap_1": 5.0,
    "c_pos_s_max": 3.0,
    "c_pos_s_max_1": 9.0,
    "coef_pos_ins_li": 1.0,
    "rou_pos_comp_roll": -32.47912815107266,
    "rou_pos_surf_cap": 0.05306219051431198,
    "D_pos_coat_roll": -0.3267463970553626,
    "eta_pos_roll_reb": -245.1166988639256,
    "D_pos_coat_roll_reb": 79.76425181483663,
    "D_pos_coat_form_reb": 127.73289914262953,
    "eta_pos_form_reb": 0.6013802704392753,
    "rou_pos_comp_roll_reb": 0.13304754775984595,
    "rou_pos_comp_form_reb": 0.08308304418121995,
    "v_pos_coat_roll_reb": 75.16109968483029,
    "m_pos_solid": 10.0,
    "m_pos_1": 100.0,
    "m_pos_2": 200.0,
    "v_pos_1": 20.0,
    "F": 2000000.0,
    "rou_pos_binder": 68.07607333559079,
    "m_pos_binder": 92.01047035181685,
    "v_pos_binder": 1.3515831017197188,
    "v_pos_act_total": 17.057034562062196,
    "v_pos_conduct_total": -18.76470575930793,
    "v_pos_solid": -53.504928992566775,
    "v_pos_binder_total": -51.79725779532104,
    "v_pos_coat_roll": -0.30789003798030656,
    "v_pos_coat_form": 6.436388809085221,
    "D_pos_coat_form": 6.83057778423761,
    "eta_pos_coat_por_roll": -172.77934454634445,
    "eta_pos_coat_por_form": 9.312880184777281,
    "eta_pos_coat_por_roll_reb": 1.7118699595525693,
    "c_neg_real_cap": 193.9280069926557,
    "coef_neg_ins_li": 2.5885900162952913,
    "c_neg_theo_cap": 74.91646254210598,
    "NP": 63.888347470787934,
    "rou_surf_cap": 0.830134612001178,
    "rou_neg_surf_cap": 53.035928539058986,
    "w_neg_act_mass": 97.74414550203899,
    "D_neg_coat_roll": 0.3016144906998704,
    "rou_neg_comp_roll": 92.76554179797775,
    "D_neg_coat_roll_reb": 33.44638112209345,
    "eta_neg_roll_reb": 109.89116124521745,
    "eta_neg_form_reb": 3.866901726978005,
    "D_neg_coat_form_reb": 162.78025004428116,
    "rou_neg_comp_roll_reb": 0.8365458595274758,
    "rou_neg_comp_form_reb": 0.17188468279341848,
    "v_neg_coat_roll_reb": 189.3961864845767,
    "m_neg_solid": 158.43859561396633,
    "m_neg_binder": -154.5712108841432,
    "rou_neg_binder": 184.9725676353464,
    "v_neg_binder": -0.8356439706717149,
    "v_neg_act_total": 53.251327110360755,
    "v_neg_binder_total": 28.070326780724816,
    "v_neg_solid": 77.85682036901503,
    "v_neg_conduct_total": -3.464833522070562,
    "v_neg_coat_roll": 1.707946642075093,
    "v_neg_coat_form": 46.45139073021422,
    "D_neg_coat_form": 8.203073920606856,
    "eta_neg_coat_por_roll": -44.585042559890404,
    "eta_neg_coat_por_form": -0.6760923439558763,
    "eta_neg_coat_por_roll_reb": 0.58892086575695,
    "W_needle": -30.17661936696433,
    "W_needle_rect": -138.57118741445217,
    "D_needle": 108.39456804748804,
    "D_repeat": 0.03786407703819358,
    "D_pos_cc": -27.626484892375682,
    "D_sep": 23.770329088217018,
    "D_neg_cc": -246.29757508254306,
    "N_roll": 198.27055459095075,
    "cnt_line": 397.0000000000002,
    "R_0_pos": 40.38404158088231,
    "L_pos_total": -27.301724085467583,
    "L_pos_first": -23.283004907197473,
    "L_pos_nroll_last": -50.95076742481746,
    "L_pos_out": 23.64904333934995,
    "R_0_neg": 40.402973611918334,
    "L_start_in": -0.0009312791186241304,
    "L_neg_total": -2.785476659721202,
    "L_neg_first": -22.23277232946254,
    "L_neg_nroll_last": -26.553473458114873,
    "L_neg_out": 23.767996798394044,
    "L_pos_single": -14.95046074971534,
    "L_end_more": 0.008332544157482911,
    "L_pos_coat_use": -22.98789910625372,
    "L_pos_coat_total": -31.31211071957959,
    "L_neg_single": 15.435452640910714,
    "L_neg_coat_total": -21.006405960354275
}