{
    "w_pos_act_mass_1": 10.0,
    "w_pos_act_mass": 30.0,
    "w_pos_act_mass_2": 20.0,
    "c_pos_theo_cap_1": 1.0,
    "c_pos_theo_cap_2": 2.0,
    "c_pos_theo_cap": 1.6666666666666667,
    "coef_pos_ins_li": -2.4024391447065665,
    "c_pos_real_cap": -4.004065241177609,
    "rou_pos_comp_roll": 2.4801243140136067,
    "D_pos_coat_roll": 0.144203564124456,
    "rou_pos_surf_cap": -0.00429607489891257,
    "D_pos_coat_roll_reb": -0.18471589908600103,
    "eta_pos_roll_reb": -2.2809384324558817,
    "eta_pos_form_reb": 1.0276678624264397,
    "D_pos_coat_form_reb": -0.3745424948415126,
    "rou_pos_comp_roll_reb": -1.9361774869003086,
    "rou_pos_comp_form_reb": -0.9548790059883772,
    "v_pos_coat_roll_reb": -0.05823311406366343,
    "m_pos_solid": 0.11274964437487058,
    "w_pos_act_mass_i": -9.505428505367174e-06,
    "m_pos_i": -1.006154067939054e-06,
    "F": 3.483858693699371,
    "c_pos_real_cap_i": 0.09314083297873789,
    "c_pos_s_max_i": 3.301762691956609,
    "v_pos_i": -0.15470338205705514,
    "c_pos_theo_cap_i": 0.49129145156142146,
    "rou_pos_binder": 1.6288718950217023,
    "v_pos_binder": -0.14453746365853204,
    "m_pos_binder": -0.23543301233110336,
    "v_pos_conduct_total": -0.08580187945218694,
    "v_pos_binder_total": 0.8063401236109958,
    "v_pos_solid": 0.023172232152885202,
    "v_pos_act_total": -0.6973660119292403,
    "v_pos_coat_roll": 0.04546132389892707,
    "D_pos_coat_form": 7.060109069855145,
    "v_pos_coat_form": 2.225753921553837,
    "eta_pos_coat_por_roll": 0.49028690717137136,
    "eta_pos_coat_por_form": 0.9895890411983846,
    "eta_pos_coat_por_roll_reb": 1.3979219171334263
}